15.5 115 221.5
15.5 115.0 221.5
15.5 115.0 221.5
15.5 115.0 221.5
15.5 115.0 221.5
15.5 115.0 221.5
15.5 115.0 221.5
15.5 115.0 221.5
15.5 115.0 221.5
15.5 115.0 221.5
15.5 115.0 221.5
15.5 115.0 221.5
15.5 115.0 221.5
15.5 115.0 221.5
15.5 115.0 221.5
15.5 115.0 221.5
15.5 115.0 221.5
15.5 115.0 221.5
15.5 115.0 221.5
15.5 115.0 221.5
15.5 115.0 221.5
15.5 115 221.5
15.5 115.0 221.5
15.5 115.0 221.5
15.5 115.0 221.5
15.5 115.0 221.5
15.5 115.0 221.5
15.5 115.0 221.5
15.5 115.0 221.5
15.5 115.0 221.5
15.5 115.0 221.5
15.5 115.0 221.5
15.5 115.0 221.5
15.5 115.0 221.5
15.5 115.0 221.5
15.5 115.0 221.5
15.5 115.0 221.5
15.5 115.0 221.5
15.5 115.0 221.5
15.5 115.0 221.5
15.5 115.0 221.5
15.5 115.0 221.5
15.5 115 221.5
15.5 115.0 221.5
15.5 115.0 221.5
15.5 115.0 221.5
15.5 115.0 221.5
15.5 115.0 221.5
15.5 115.0 221.5
15.5 115.0 221.5
15.5 115.0 221.5
15.5 115.0 221.5
15.5 115.0 221.5
15.5 115.0 221.5
15.5 115.0 221.5
15.5 115.0 221.5
15.5 115.0 221.5
15.5 115.0 221.5
15.5 115.0 221.5
15.5 115.0 221.5
15.5 115.0 221.5
15.5 115.0 221.5
15.5 115.0 221.5
15.5 115 221.5
15.45 115.0 221.5
15.4 115.0 221.5
15.35 115.0 221.5
15.3 115.0 221.5
15.25 115.0 221.5
15.2 115.0 221.5
15.15 115.0 221.5
15.1 115.0 221.5
15.05 115.0 221.5
15.0 115.0 221.5
14.95 115.0 221.5
14.9 115.0 221.5
14.85 115.0 221.5
14.8 115.0 221.5
14.75 115.0 221.5
14.7 115.0 221.5
14.65 115.0 221.5
14.6 115.0 221.5
14.55 115.0 221.5
14.5 115.0 221.5
14.5 115 221.5
14.45 115.05 221.5
14.4 115.1 221.5
14.35 115.15 221.5
14.3 115.2 221.5
14.25 115.25 221.5
14.2 115.3 221.5
14.15 115.35 221.5
14.1 115.4 221.5
14.05 115.45 221.5
14.0 115.5 221.5
13.95 115.55 221.5
13.9 115.6 221.5
13.85 115.65 221.5
13.8 115.7 221.5
13.75 115.75 221.5
13.7 115.8 221.5
13.65 115.85 221.5
13.6 115.9 221.5
13.55 115.95 221.5
13.5 116.0 221.5
13.5 116 221.5
13.45 115.95 221.5
13.4 115.9 221.5
13.35 115.85 221.5
13.3 115.8 221.5
13.25 115.75 221.5
13.2 115.7 221.5
13.15 115.65 221.5
13.1 115.6 221.5
13.05 115.55 221.5
13.0 115.5 221.5
12.95 115.45 221.5
12.9 115.4 221.5
12.85 115.35 221.5
12.8 115.3 221.5
12.75 115.25 221.5
12.7 115.2 221.5
12.65 115.15 221.5
12.6 115.1 221.5
12.55 115.05 221.5
12.5 115.0 221.5
12.5 115 221.5
12.4 115.05 221.45
12.3 115.1 221.4
12.2 115.15 221.35
12.1 115.2 221.3
12.0 115.25 221.25
11.9 115.3 221.2
11.8 115.35 221.15
11.7 115.4 221.1
11.6 115.45 221.05
11.5 115.5 221.0
11.4 115.55 220.95
11.3 115.6 220.9
11.2 115.65 220.85
11.1 115.7 220.8
11.0 115.75 220.75
10.9 115.8 220.7
10.8 115.85 220.65
10.7 115.9 220.6
10.6 115.95 220.55
10.5 116.0 220.5
10.5 116 220.5
10.45 115.95 220.5
10.4 115.9 220.5
10.35 115.85 220.5
10.3 115.8 220.5
10.25 115.75 220.5
10.2 115.7 220.5
10.15 115.65 220.5
10.1 115.6 220.5
10.05 115.55 220.5
10.0 115.5 220.5
9.95 115.45 220.5
9.9 115.4 220.5
9.85 115.35 220.5
9.8 115.3 220.5
9.75 115.25 220.5
9.7 115.2 220.5
9.65 115.15 220.5
9.6 115.1 220.5
9.55 115.05 220.5
9.5 115.0 220.5
9.5 115 220.5
9.4 115.0 220.45
9.3 115.0 220.4
9.2 115.0 220.35
9.1 115.0 220.3
9.0 115.0 220.25
8.9 115.0 220.2
8.8 115.0 220.15
8.7 115.0 220.1
8.6 115.0 220.05
8.5 115.0 220.0
8.4 115.0 219.95
8.3 115.0 219.9
8.2 115.0 219.85
8.1 115.0 219.8
8.0 115.0 219.75
7.9 115.0 219.7
7.8 115.0 219.65
7.7 115.0 219.6
7.6 115.0 219.55
7.5 115.0 219.5
7.5 115 219.5
7.45 115.05 219.45
7.4 115.1 219.4
7.35 115.15 219.35
7.3 115.2 219.3
7.25 115.25 219.25
7.2 115.3 219.2
7.15 115.35 219.15
7.1 115.4 219.1
7.05 115.45 219.05
7.0 115.5 219.0
6.95 115.55 218.95
6.9 115.6 218.9
6.85 115.65 218.85
6.8 115.7 218.8
6.75 115.75 218.75
6.7 115.8 218.7
6.65 115.85 218.65
6.6 115.9 218.6
6.55 115.95 218.55
6.5 116.0 218.5
6.5 116 218.5
6.45 115.95 218.5
6.4 115.9 218.5
6.35 115.85 218.5
6.3 115.8 218.5
6.25 115.75 218.5
6.2 115.7 218.5
6.15 115.65 218.5
6.1 115.6 218.5
6.05 115.55 218.5
6.0 115.5 218.5
5.95 115.45 218.5
5.9 115.4 218.5
5.85 115.35 218.5
5.8 115.3 218.5
5.75 115.25 218.5
5.7 115.2 218.5
5.65 115.15 218.5
5.6 115.1 218.5
5.55 115.05 218.5
5.5 115.0 218.5
5.5 115 218.5
5.4 114.95 218.4
5.3 114.9 218.3
5.2 114.85 218.2
5.1 114.8 218.1
5.0 114.75 218.0
4.9 114.7 217.9
4.8 114.65 217.8
4.7 114.6 217.7
4.6 114.55 217.6
4.5 114.5 217.5
4.4 114.45 217.4
4.3 114.4 217.3
4.2 114.35 217.2
4.1 114.3 217.1
4.0 114.25 217.0
3.9 114.2 216.9
3.8 114.15 216.8
3.7 114.1 216.7
3.6 114.05 216.6
3.5 114.0 216.5
3.5 114 216.5
3.45 114.05 216.45
3.4 114.1 216.4
3.35 114.15 216.35
3.3 114.2 216.3
3.25 114.25 216.25
3.2 114.3 216.2
3.15 114.35 216.15
3.1 114.4 216.1
3.05 114.45 216.05
3.0 114.5 216.0
2.95 114.55 215.95
2.9 114.6 215.9
2.85 114.65 215.85
2.8 114.7 215.8
2.75 114.75 215.75
2.7 114.8 215.7
2.65 114.85 215.65
2.6 114.9 215.6
2.55 114.95 215.55
2.5 115.0 215.5
2.5 115 215.5
2.5 114.95 215.45
2.5 114.9 215.4
2.5 114.85 215.35
2.5 114.8 215.3
2.5 114.75 215.25
2.5 114.7 215.2
2.5 114.65 215.15
2.5 114.6 215.1
2.5 114.55 215.05
2.5 114.5 215.0
2.5 114.45 214.95
2.5 114.4 214.9
2.5 114.35 214.85
2.5 114.3 214.8
2.5 114.25 214.75
2.5 114.2 214.7
2.5 114.15 214.65
2.5 114.1 214.6
2.5 114.05 214.55
2.5 114.0 214.5
2.5 114 214.5
2.5 114.0 214.55
2.5 114.0 214.6
2.5 114.0 214.65
2.5 114.0 214.7
2.5 114.0 214.75
2.5 114.0 214.8
2.5 114.0 214.85
2.5 114.0 214.9
2.5 114.0 214.95
2.5 114.0 215.0
2.5 114.0 215.05
2.5 114.0 215.1
2.5 114.0 215.15
2.5 114.0 215.2
2.5 114.0 215.25
2.5 114.0 215.3
2.5 114.0 215.35
2.5 114.0 215.4
2.5 114.0 215.45
2.5 114.0 215.5
2.5 114 215.5
2.5 114.05 215.55
2.5 114.1 215.6
2.5 114.15 215.65
2.5 114.2 215.7
2.5 114.25 215.75
2.5 114.3 215.8
2.5 114.35 215.85
2.5 114.4 215.9
2.5 114.45 215.95
2.5 114.5 216.0
2.5 114.55 216.05
2.5 114.6 216.1
2.5 114.65 216.15
2.5 114.7 216.2
2.5 114.75 216.25
2.5 114.8 216.3
2.5 114.85 216.35
2.5 114.9 216.4
2.5 114.95 216.45
2.5 115.0 216.5
2.5 115 216.5
2.55 115.0 216.6
2.6 115.0 216.7
2.65 115.0 216.8
2.7 115.0 216.9
2.75 115.0 217.0
2.8 115.0 217.1
2.85 115.0 217.2
2.9 115.0 217.3
2.95 115.0 217.4
3.0 115.0 217.5
3.05 115.0 217.6
3.1 115.0 217.7
3.15 115.0 217.8
3.2 115.0 217.9
3.25 115.0 218.0
3.3 115.0 218.1
3.35 115.0 218.2
3.4 115.0 218.3
3.45 115.0 218.4
3.5 115.0 218.5
3.5 115 218.5
3.5 114.95 218.55
3.5 114.9 218.6
3.5 114.85 218.65
3.5 114.8 218.7
3.5 114.75 218.75
3.5 114.7 218.8
3.5 114.65 218.85
3.5 114.6 218.9
3.5 114.55 218.95
3.5 114.5 219.0
3.5 114.45 219.05
3.5 114.4 219.1
3.5 114.35 219.15
3.5 114.3 219.2
3.5 114.25 219.25
3.5 114.2 219.3
3.5 114.15 219.35
3.5 114.1 219.4
3.5 114.05 219.45
3.5 114.0 219.5
3.5 114 219.5
3.5 114.05 219.6
3.5 114.1 219.7
3.5 114.15 219.8
3.5 114.2 219.9
3.5 114.25 220.0
3.5 114.3 220.1
3.5 114.35 220.2
3.5 114.4 220.3
3.5 114.45 220.4
3.5 114.5 220.5
3.5 114.55 220.6
3.5 114.6 220.7
3.5 114.65 220.8
3.5 114.7 220.9
3.5 114.75 221.0
3.5 114.8 221.1
3.5 114.85 221.2
3.5 114.9 221.3
3.5 114.95 221.4
3.5 115.0 221.5
3.5 115 221.5
3.5 114.95 221.55
3.5 114.9 221.6
3.5 114.85 221.65
3.5 114.8 221.7
3.5 114.75 221.75
3.5 114.7 221.8
3.5 114.65 221.85
3.5 114.6 221.9
3.5 114.55 221.95
3.5 114.5 222.0
3.5 114.45 222.05
3.5 114.4 222.1
3.5 114.35 222.15
3.5 114.3 222.2
3.5 114.25 222.25
3.5 114.2 222.3
3.5 114.15 222.35
3.5 114.1 222.4
3.5 114.05 222.45
3.5 114.0 222.5
3.5 114 222.5
3.5 114.0 222.5
3.5 114.0 222.5
3.5 114.0 222.5
3.5 114.0 222.5
3.5 114.0 222.5
3.5 114.0 222.5
3.5 114.0 222.5
3.5 114.0 222.5
3.5 114.0 222.5
3.5 114.0 222.5
3.5 114.0 222.5
3.5 114.0 222.5
3.5 114.0 222.5
3.5 114.0 222.5
3.5 114.0 222.5
3.5 114.0 222.5
3.5 114.0 222.5
3.5 114.0 222.5
3.5 114.0 222.5
3.5 114.0 222.5
3.5 114 222.5
3.5 114.0 222.5
3.5 114.0 222.5
3.5 114.0 222.5
3.5 114.0 222.5
3.5 114.0 222.5
3.5 114.0 222.5
3.5 114.0 222.5
3.5 114.0 222.5
3.5 114.0 222.5
3.5 114.0 222.5
3.5 114.0 222.5
3.5 114.0 222.5
3.5 114.0 222.5
3.5 114.0 222.5
3.5 114.0 222.5
3.5 114.0 222.5
3.5 114.0 222.5
3.5 114.0 222.5
3.5 114.0 222.5
3.5 114.0 222.5
15 115 221 168.3544921875 12.563125610352
15 115 221 168.3544921875 12.563125610352
15 115 221 168.3544921875 12.563125610352
15 115 221 168.3544921875 12.563125610352
15 115 221 168.3544921875 12.563125610352
15 115 221 168.3544921875 12.563125610352
15 115 221 168.3544921875 12.563125610352
15 115 221 168.3544921875 12.563125610352
15 115 221 168.3544921875 12.563125610352
15 115 221 168.3544921875 12.563125610352
15 115 221 168.3544921875 12.563125610352
15 115 221 168.3544921875 12.563125610352
15 115 221 168.3544921875 12.563125610352
15 115 221 168.3544921875 12.563125610352
15 115 221 168.3544921875 12.563125610352
15 115 221 168.3544921875 12.563125610352
15 115 221 168.3544921875 12.563125610352
15 115 221 168.3544921875 12.563125610352
15 115 221 168.3544921875 12.563125610352
15 115 221 168.3544921875 12.563125610352
15 115 221 168.3544921875 12.563125610352
15 115 221 168.3544921875 12.563125610352
15 115 221 168.3544921875 12.563125610352
15 115 221 168.3544921875 12.563125610352
15 115 221 168.3544921875 12.563125610352
15 115 221 168.3544921875 12.563125610352
15 115 221 168.3544921875 12.563125610352
15 115 221 168.3544921875 12.563125610352
15 115 221 168.3544921875 12.563125610352
15 115 221 168.3544921875 12.563125610352
15 115 221 168.3544921875 12.563125610352
15 115 221 168.3544921875 12.563125610352
